image_width: 640
image_height: 480
camera_name: camera
camera_matrix:
  rows: 3
  cols: 3
  data: [745.914140, 0.000000, 331.182713, 0.000000, 743.811122, 248.179779, 0.000000, 0.000000, 1.000000]
distortion_model: plumb_bob
distortion_coefficients:
  rows: 1
  cols: 5
  data: [-0.182649, 0.454928, 0.003046, -0.001648, 0.000000]
rectification_matrix:
  rows: 3
  cols: 3
  data: [1.000000, 0.000000, 0.000000, 0.000000, 1.000000, 0.000000, 0.000000, 0.000000, 1.000000]
projection_matrix:
  rows: 3
  cols: 4
  data: [736.425476, 0.000000, 330.073571, 0.000000, 0.000000, 735.051453, 249.155576, 0.000000, 0.000000, 0.000000, 1.000000, 0.000000]
